221.209
61.180
180.97
180.101
111.206
206.221
123.181
123.125
220.181
218.30
220.181
61.135
220.181
220.196
220.181
221.208
220.181
220.181
104.233
221.209
113.24
220.181
220.181
218.10
194.233
193.42
185.244
180.149
180.76
180.76
158.247
202.97
149.248
149.28
149.28
144.202
139.180
124.166
123.125
123.125
119.63
124.238
116.179
116.179
111.206
111.202
106.120
118.184
123.126
123.183
111.202
106.38
49.7
58.250
218.30
220.181
36.110
207.46
157.55
40.77
13.66
199.30
65.55
65.5
154.89
180.153
180.163
66.249
203.208
110.249
111.225
220.243
103.82